0.326593 0.154864 0.144434 0.188204 0.267845 0.179332 0.906540 0.892853 0.246596 0.200746 
0.268011 0.107532 0.289790 0.210918 0.159746 0.175609 0.185355 0.873278 0.183191 0.198220 
0.221173 0.251793 0.146295 0.190546 0.152525 0.193386 0.316351 0.290631 0.224642 0.903225 
0.151816 0.264971 0.205659 0.195673 0.170553 0.315921 0.159948 0.337522 0.311533 0.228986 
1.753272 0.280830 0.327088 0.231576 0.179984 0.183731 0.221050 0.104812 0.351039 0.052539 
0.282433 0.144195 0.213335 0.226161 0.165247 0.210720 0.170138 0.208647 0.362507 0.453021 
0.360454 0.282479 0.218743 0.795216 0.166430 0.175008 0.192739 0.285615 0.146893 0.169624 
0.275801 0.133732 0.241747 0.353607 0.386151 0.959991 0.339392 0.192945 0.290393 0.130691 
1.616459 0.427163 1.434150 0.130989 0.306325 0.262885 0.314045 0.179664 0.388815 0.170435 
0.190549 0.404047 0.112782 0.225946 0.223653 0.290099 0.648235 0.553335 0.192634 0.136463 
0.551238 0.201415 0.241829 0.309005 0.148479 0.288041 0.265048 0.172162 0.260349 0.216476 
0.231584 0.388500 0.347484 0.236383 0.280743 0.301049 0.198103 0.777823 0.868641 0.293507 
0.313963 0.065677 0.227692 0.231632 0.223505 0.187700 0.285674 0.219236 0.143468 0.270705 
0.149427 0.393532 0.311392 0.185352 0.169546 0.280689 0.221508 0.287486 0.292893 0.292953 
0.179801 0.311241 0.154199 0.239301 0.195914 0.216271 0.209345 0.342372 0.163983 0.107597 
0.339674 0.336863 0.298472 0.202914 0.244312 0.146322 0.200972 0.234668 0.146931 0.332059 
0.390910 0.290983 0.257684 0.385680 0.210863 0.206010 0.251888 0.164344 0.195302 0.149628 
0.131264 0.160099 1.144219 0.741646 0.228775 0.187720 0.291257 0.931954 0.282889 0.104906 
0.236126 0.872450 0.543061 0.301195 0.342363 0.715711 0.295810 0.210666 0.638431 0.501562 
0.501648 0.184597 0.149568 0.373018 0.086557 0.191656 0.664106 0.339708 0.190481 0.203196 
0.404694 0.214042 0.202979 0.501769 0.252120 0.305932 0.156772 0.226500 0.390993 0.297941 
0.257261 0.398896 0.152181 0.123372 0.291972 0.185474 0.454820 0.484331 0.202882 0.301016 
0.123114 0.161775 0.370612 0.328923 0.607889 0.157264 0.277757 0.133588 0.270839 0.579504 
0.322066 0.159592 0.296020 0.414017 0.210661 0.464179 0.152046 0.257841 0.592227 0.210934 
0.190273 0.174612 3.038207 0.795356 0.249973 0.146813 0.254868 0.615068 0.209523 0.234259 
0.362906 0.120751 0.230142 1.499004 0.377962 0.104091 0.257233 0.285556 0.290661 0.190241 
0.808454 0.319110 0.182489 0.597360 0.368946 1.370502 0.277115 0.381125 0.697283 0.197574 
0.195439 0.381059 0.126075 0.404436 0.200737 0.177890 1.158517 0.409102 0.135805 0.194131 
0.363179 0.068218 0.314037 0.277465 0.151299 0.262215 0.375982 0.241653 0.218677 0.236411 
0.208115 0.321531 0.301056 0.120563 0.350580 0.203114 0.319392 0.182839 0.205705 0.244028 
0.326431 0.300790 1.148699 0.000014 1.029615 0.233636 1.158776 1.243754 0.000014 0.520318 
0.223933 1.596687 1.047546 0.000014 1.683537 0.471110 0.282708 0.180158 0.208238 0.197769 
0.259547 0.197934 0.198320 0.176043 0.147233 0.265162 0.252035 0.182491 0.249744 0.165318 
0.172494 0.161640 0.761842 0.183113 0.219008 0.221308 0.229105 0.697665 1.001105 0.218782 
0.288347 0.293210 0.097192 0.176351 0.167667 0.352937 0.296019 0.251924 0.154330 0.249690 
0.181847 0.264633 0.242085 0.123077 0.471308 0.123363 0.208852 0.239172 0.133680 0.874329 
0.852031 0.297913 0.940043 0.244002 0.208087 0.216386 0.272351 0.193466 0.151810 0.162553 
0.368543 0.094459 0.212886 1.540070 0.378160 3.767252 0.515713 0.000013 0.231703 0.752425 
0.421753 1.831044 0.270024 0.197798 0.393158 0.256730 0.267710 0.167480 0.339669 0.143362 
0.375975 0.331573 0.262809 0.323866 0.249340 0.249723 0.304496 0.761576 0.422057 0.198070 
0.321456 0.231871 0.342949 0.115455 0.234152 0.880660 0.432620 0.316249 0.260042 0.101292 
0.324008 0.308847 0.777950 1.045247 0.195324 0.164508 0.344685 0.700443 0.169979 0.285435 
0.195236 0.419587 0.188193 0.262284 0.187510 0.538479 0.305377 0.107491 0.424237 0.164062 
0.189927 0.646532 0.934248 0.465641 0.132780 0.234088 0.697810 0.125868 0.350538 0.370524 
0.622580 0.349824 0.102246 0.254052 0.265016 0.259614 0.221144 0.945053 0.846964 0.377963 
0.326535 0.182413 0.358064 0.280024 0.298744 0.316668 1.277134 0.383622 0.228638 0.182767 
0.510503 0.277476 0.617951 0.177343 0.277979 0.180408 0.187898 0.264916 0.249232 0.424594 
0.262456 0.527515 0.717505 0.128248 0.319503 0.342649 0.810561 0.203010 0.396433 0.344505 
0.416475 0.280879 0.206844 0.220749 0.659119 1.402462 0.303590 0.210823 0.410050 0.339169 
0.219518 0.219190 0.120346 0.213184 0.457788 0.229696 0.257286 0.355024 0.273075 0.391215 
0.757049 1.480138 0.671761 0.313177 0.326165 0.115276 0.335159 0.237399 0.282562 0.231649 
0.120668 0.215998 0.247073 0.164900 1.321456 0.386198 0.259375 0.174689 0.752313 0.955115 
1.859370 0.315273 0.242308 0.133671 0.285226 0.133758 1.035350 0.625605 0.162236 0.205810 
0.131271 0.301503 0.107566 0.181597 0.260213 0.234261 0.620901 0.702739 0.215847 0.205602 
0.324409 0.571692 0.211739 0.141486 0.386856 0.179697 0.213039 0.211157 0.313961 0.238979 
0.106628 0.269410 0.084062 0.198050 0.193356 0.173133 0.463307 0.303873 0.283074 0.267843 
0.031587 0.337141 0.342367 0.179778 0.170582 0.301748 0.427439 0.239792 0.169352 0.215560 
0.361308 0.316106 0.172868 0.226469 0.337041 0.553565 0.211459 0.136673 1.025580 0.401057 
0.300574 0.231535 0.164771 0.234410 0.097050 0.271811 0.213294 0.503996 0.452492 0.332037 
0.198010 0.133918 0.366171 0.262623 0.648641 0.360308 0.499039 0.267352 0.198070 0.265355 
0.318980 0.306592 0.254589 0.630514 0.254191 0.185443 0.203933 0.332131 0.306607 0.200672 
0.303821 0.216174 0.133792 0.183264 0.185757 0.579370 0.973670 0.241668 0.272878 0.659488 
0.314193 0.257348 0.211038 0.826348 0.353312 0.010423 0.922386 0.508047 0.708275 0.270043 
0.218880 0.213564 0.424660 0.397095 0.587034 0.146626 0.386802 0.215827 0.215701 1.529774 
0.493902 0.213235 0.358468 0.236560 0.094380 0.184443 0.529781 0.000013 0.271222 0.125826 
0.516564 0.188559 0.311736 0.179749 1.336695 0.182319 0.179803 0.944373 0.174583 0.161468 
0.156568 1.483242 0.182677 0.164541 0.182589 2.107397 0.000003 2.094877 0.827663 0.790708 
0.182291 0.167287 0.182884 2.732405 2.112328 0.458052 0.805707 1.088699 0.620090 0.000013 
0.280932 1.388431 0.164352 1.525056 0.221613 1.852019 0.699887 0.319334 1.451585 0.000014 
0.213685 0.199240 1.728112 0.200827 0.340573 0.127747 0.277863 0.314643 0.265015 0.280735 
0.123210 0.285607 0.270586 0.154636 0.180838 0.173180 0.275267 0.181063 0.208046 0.422440 
0.470362 0.146368 0.217858 0.161911 0.257094 0.231831 0.228792 0.179857 1.833599 0.192731 
0.314689 0.288497 0.161768 0.646173 0.162648 0.136270 0.162567 0.337031 0.208187 0.154012 
0.314503 0.540527 0.206170 0.267848 0.226213 0.120751 0.306908 0.263267 0.327099 0.246824 
0.208343 0.331770 0.653489 0.244093 0.128056 0.321616 1.001228 0.311352 0.283266 0.174735 
0.644522 0.151107 1.893519 